1195201334
1195908387
1198251274
1226668235
1261531020
1275326401
1280626951
1312011152
1393620571
1420529260
1435431563
1497705225
1507418413
1572040717
1649614847
1653649260
1676582411
1689664143
1713053037
1733994170
1740124791
1742527892
1767058121
1784166827
1911799583
1914630947
1917036491
1925539735
2066889445
2124970203
2128096093
2163553891
2267753720
2313291734
2382064902
2468217705
2543669682
2659094883
2784373444
2822727184
2868126191
3005083064
3149081847
3195359444
3291454471
3306457983
3524285233
3535502651
3841607108
3895876696
3898656487
3973989639
5023964477
5157926963
5261590318
5652298665
5661973661
5681136773
5740326884
5780974966
5884835210
5930221915
5939213490
5997605338
6072001402
6135091463
6277382306
6451185052
6512113818
6517652196
6520732164
6531166180
6590087007
6626006317
6767321459
6870772320
6933103481
7160345268
7197970947
7200286002
7368996000
7376766667
7399215761
7400325540
7403993086
7411323763
7413190965
7418114597
7454196209

5686229075


3985954408
